111111111111111111111111111111111111
1000000000000000000000000222222222S1
101111111111111111111111121111111101
101100010001000000111111122211000001
101101010101011110111111111211011111
101101010101000000002222211211000001
101101010101010111102111222211111101
101001010100010000112111111110000001
101101010111111110112222222211011111
101101000110000000111111111211000001
100001111110111111100000011211111101
111111000000100000001111011210000001
100000011111101111101000011211011111
101111110000001000000011111211000001
100000000111111011111111111211001101
111111111122222222222222222211111101
1E2222222221111111111111111000000001
111111111111111111111111111111111111
